21
0 20
20 21
Обмін елементів 20 і 21
25 13 31 43 44 48 29 34 26 35 23 9 41 4 18 38 33 20 36 45 43 48 22 37 12 4 35 31 34 33 5 14 46 36 12 29 35 40 16 22 19 35 15 37 39 21 27 15 14 44
0 19
19 20
Обмін елементів 19 і 20
25 13 31 43 44 48 29 34 26 35 23 9 41 4 18 38 33 20 36 45 48 43 22 37 12 4 35 31 34 33 5 14 46 36 12 29 35 40 16 22 19 35 15 37 39 21 27 15 14 44
0 18
18 19
Обмін елементів 18 і 19
25 13 31 43 44 48 29 34 26 35 23 9 41 4 18 38 33 20 36 48 45 43 22 37 12 4 35 31 34 33 5 14 46 36 12 29 35 40 16 22 19 35 15 37 39 21 27 15 14 44
0 17
17 18
Обмін елементів 17 і 18
25 13 31 43 44 48 29 34 26 35 23 9 41 4 18 38 33 20 48 36 45 43 22 37 12 4 35 31 34 33 5 14 46 36 12 29 35 40 16 22 19 35 15 37 39 21 27 15 14 44
0 16
16 17
Обмін елементів 16 і 17
25 13 31 43 44 48 29 34 26 35 23 9 41 4 18 38 33 48 20 36 45 43 22 37 12 4 35 31 34 33 5 14 46 36 12 29 35 40 16 22 19 35 15 37 39 21 27 15 14 44
0 15
15 16
Обмін елементів 15 і 16
25 13 31 43 44 48 29 34 26 35 23 9 41 4 18 38 48 33 20 36 45 43 22 37 12 4 35 31 34 33 5 14 46 36 12 29 35 40 16 22 19 35 15 37 39 21 27 15 14 44
0 14
14 15
Обмін елементів 14 і 15
25 13 31 43 44 48 29 34 26 35 23 9 41 4 18 48 38 33 20 36 45 43 22 37 12 4 35 31 34 33 5 14 46 36 12 29 35 40 16 22 19 35 15 37 39 21 27 15 14 44
0 13
13 14
Обмін елементів 13 і 14
25 13 31 43 44 48 29 34 26 35 23 9 41 4 48 18 38 33 20 36 45 43 22 37 12 4 35 31 34 33 5 14 46 36 12 29 35 40 16 22 19 35 15 37 39 21 27 15 14 44
0 12
12 13
Обмін елементів 12 і 13
25 13 31 43 44 48 29 34 26 35 23 9 41 48 4 18 38 33 20 36 45 43 22 37 12 4 35 31 34 33 5 14 46 36 12 29 35 40 16 22 19 35 15 37 39 21 27 15 14 44
0 11
11 12
Обмін елементів 11 і 12
25 13 31 43 44 48 29 34 26 35 23 9 48 41 4 18 38 33 20 36 45 43 22 37 12 4 35 31 34 33 5 14 46 36 12 29 35 40 16 22 19 35 15 37 39 21 27 15 14 44
0 10
10 11
Обмін елементів 10 і 11
25 13 31 43 44 48 29 34 26 35 23 48 9 41 4 18 38 33 20 36 45 43 22 37 12 4 35 31 34 33 5 14 46 36 12 29 35 40 16 22 19 35 15 37 39 21 27 15 14 44
0 9
9 10
Обмін елементів 9 і 10
25 13 31 43 44 48 29 34 26 35 48 23 9 41 4 18 38 33 20 36 45 43 22 37 12 4 35 31 34 33 5 14 46 36 12 29 35 40 16 22 19 35 15 37 39 21 27 15 14 44
0 8
8 9
Обмін елементів 8 і 9
25 13 31 43 44 48 29 34 26 48 35 23 9 41 4 18 38 33 20 36 45 43 22 37 12 4 35 31 34 33 5 14 46 36 12 29 35 40 16 22 19 35 15 37 39 21 27 15 14 44
0 7
7 8
Обмін елементів 7 і 8
25 13 31 43 44 48 29 34 48 26 35 23 9 41 4 18 38 33 20 36 45 43 22 37 12 4 35 31 34 33 5 14 46 36 12 29 35 40 16 22 19 35 15 37 39 21 27 15 14 44
0 6
6 7
Обмін елементів 6 і 7
25 13 31 43 44 48 29 48 34 26 35 23 9 41 4 18 38 33 20 36 45 43 22 37 12 4 35 31 34 33 5 14 46 36 12 29 35 40 16 22 19 35 15 37 39 21 27 15 14 44
0 5
5 6
Порівняння елементів 5 і 6
25 13 31 43 44 48 48 29 34 26 35 23 9 41 4 18 38 33 20 36 45 43 22 37 12 4 35 31 34 33 5 14 46 36 12 29 35 40 16 22 19 35 15 37 39 21 27 15 14 44